%YAML:1.0
# BFS-U3-122S6C with Computar V2528 25mm 1.1" lens
---
K: !!opencv-matrix
   rows: 3
   cols: 3
   dt: d
   data: [7.71225970e+03, 0.0, 2.18052886e+03, 
        0.0, 7.73032540e+03, 1.04881137e+03,
        0.0, 0.0, 1.0]
D: !!opencv-matrix
   rows: 1
   cols: 5
   dt: d
   data: [2.70094987e-01, -2.72503274e+00,
       -2.74245268e-02, 4.22553818e-03,
       1.03283164e+01 ]