%YAML:1.0
---
K: !!opencv-matrix
   rows: 3
   cols: 3
   dt: d
   data: [7.3010212275702258e+02, 0., 3.2911510406758202e+02, 0., 7.2797201420370641e+02, 2.5863732390216427e+02, 0., 0., 1.]
D: !!opencv-matrix
   rows: 1
   cols: 5
   dt: d
   data: [-2.6492018779253568e-01, -5.1994582293663660e-02, -1.1362337160646942e-03, 6.3823640459322202e-05, -1.1864167224607229e-02]
